<?xml version="1.0" encoding="UTF-8" standalone="no"?>
<!DOCTYPE svg PUBLIC "-//W3C//DTD SVG 20010904//EN"
              "http://www.w3.org/TR/2001/REC-SVG-20010904/DTD/svg10.dtd">

<svg xmlns="http://www.w3.org/2000/svg"
     width="19.5833in" height="13.8889in"
     viewBox="0 0 1410 1000">
  <path id="Neimenovano"
        fill="none" stroke="black" stroke-width="1"
        d="M 783.00,455.50
           C 783.00,455.50 782.33,451.00 782.33,451.00
             782.33,451.00 776.33,439.00 776.33,439.00
             776.33,439.00 773.67,431.33 773.67,431.33
             773.67,431.33 772.00,422.67 772.00,422.67
             772.00,422.67 771.33,412.33 771.33,412.33
             771.33,412.33 771.67,403.00 771.67,403.00
             771.67,403.00 772.33,394.33 772.33,394.33
             772.33,394.33 773.00,387.67 773.00,387.67
             773.00,387.67 774.00,378.00 774.00,378.00M 776.00,368.67
           C 776.00,368.67 768.00,373.67 768.00,373.67
             768.00,373.67 757.00,379.33 757.00,379.33
             757.00,379.33 739.00,391.33 739.00,391.33
             739.00,391.33 723.00,403.33 723.33,403.33
             723.67,403.33 707.67,416.33 707.67,416.33
             707.67,416.33 691.00,434.67 691.00,434.67
             691.00,434.67 683.33,445.00 683.33,445.00
             683.33,445.00 676.33,455.00 676.33,455.00
             676.33,455.00 671.67,464.33 671.67,464.33
             671.67,464.33 667.67,478.33 667.67,478.33
             667.67,478.33 667.67,494.33 667.67,494.33
             667.67,494.33 668.33,504.33 668.33,504.33
             668.33,504.33 671.67,513.33 671.67,513.33
             671.67,513.33 676.67,521.33 676.67,521.33
             676.67,521.33 681.67,529.67 681.67,529.67
             681.67,529.67 688.67,538.00 688.67,538.00
             688.67,538.00 695.33,544.67 695.33,544.67
             695.33,544.67 702.33,549.67 702.33,549.67
             702.33,549.67 711.00,554.33 711.00,554.33
             711.00,554.33 722.00,559.00 722.00,559.00
             722.00,559.00 732.67,561.67 732.67,561.67
             732.67,561.67 742.67,563.67 742.67,563.67
             742.67,563.67 757.33,564.33 757.33,564.33
             757.33,564.33 767.33,565.00 767.33,564.33
             767.33,563.67 777.33,564.33 777.33,564.33
             777.33,564.33 787.00,563.67 787.00,563.67
             787.00,563.67 797.00,562.33 797.00,562.33
             797.00,562.33 813.33,560.67 813.33,560.67
             813.33,560.67 834.00,557.33 834.00,557.33
             834.00,557.33 852.33,554.00 852.33,554.00
             852.33,554.00 874.33,549.00 874.33,549.00
             874.33,549.00 898.67,542.67 898.67,542.67
             898.67,542.67 924.67,536.33 925.00,536.33
             925.33,536.33 946.00,531.67 946.00,531.67
             946.00,531.67 969.00,525.67 969.00,525.67
             969.00,525.67 986.00,520.67 986.00,520.67
             986.00,520.67 1005.00,515.00 1005.00,515.00
             1005.00,515.00 1027.67,508.67 1027.67,508.67
             1027.67,508.67 1058.00,499.67 1058.00,499.67
             1058.00,499.67 1112.33,483.00 1112.67,483.00
             1113.00,483.00 1167.33,465.67 1167.33,465.67
             1167.33,465.67 1223.33,448.33 1223.33,448.33
             1223.33,448.33 1273.33,431.00 1273.33,431.00
             1273.33,431.00 1299.67,422.00 1299.67,422.00
             1299.67,422.00 1322.00,413.00 1322.00,413.00
             1322.00,413.00 1336.00,407.33 1336.00,407.00
             1336.00,406.67 1326.50,401.50 1326.50,401.50
             1326.50,401.50 1317.25,399.75 1317.25,399.75
             1317.25,399.75 1307.75,398.75 1307.75,398.75
             1307.75,398.75 1296.00,398.25 1296.00,398.25
             1296.00,398.25 1286.00,398.25 1286.00,398.25
             1286.00,398.25 1275.00,398.00 1275.00,398.00
             1275.00,398.00 1269.50,395.50 1269.50,395.50
             1269.50,395.50 1266.00,393.75 1266.00,393.75
             1266.00,393.75 1250.75,397.25 1250.75,397.50
             1250.75,397.75 1224.00,404.75 1224.00,404.75
             1224.00,404.75 1193.75,412.75 1193.75,412.75
             1193.75,412.75 1106.50,434.50 1106.50,434.50
             1106.50,434.50 1054.00,446.50 1054.00,446.50
             1054.00,446.50 996.50,459.50 996.50,459.50
             996.50,459.50 946.00,469.00 946.00,469.00
             946.00,469.00 910.00,475.50 910.00,475.00
             910.00,474.50 872.00,481.00 872.00,481.00
             872.00,481.00 850.00,483.50 850.00,483.50
             850.00,483.50 834.00,482.50 834.00,482.50
             834.00,482.50 820.50,479.50 820.50,479.50
             820.50,479.50 810.00,476.00 810.00,476.00
             810.00,476.00 800.50,471.50 800.50,471.50
             800.50,471.50 793.50,465.50 793.50,465.50
             793.50,465.50 786.50,459.00 786.50,459.00" />
</svg>
