<?xml version="1.0" encoding="UTF-8" standalone="no"?>
<!DOCTYPE svg PUBLIC "-//W3C//DTD SVG 20010904//EN"
              "http://www.w3.org/TR/2001/REC-SVG-20010904/DTD/svg10.dtd">

<svg xmlns="http://www.w3.org/2000/svg"
     width="19.5833in" height="13.8889in"
     viewBox="0 0 1410 1000">
  <path id="Neimenovano #1"
        fill="none" stroke="black" stroke-width="1"
        d="M 768.19,373.25
           C 768.19,373.25 776.25,370.00 776.25,370.00
             776.25,370.00 775.88,376.56 775.88,376.62
             775.88,376.69 774.06,385.06 774.06,385.06
             774.06,385.06 772.75,394.56 772.75,394.56
             772.75,394.56 772.00,402.94 772.00,402.94
             772.00,402.94 771.56,410.25 771.56,410.25
             771.56,410.25 771.56,419.19 771.56,419.19
             771.56,419.19 772.31,423.81 772.31,423.94
             772.31,424.06 773.06,429.00 773.06,429.00
             773.06,429.00 773.94,435.00 773.94,435.00
             773.94,435.00 775.81,440.00 775.81,440.00
             775.81,440.00 778.00,444.94 778.00,444.94
             778.00,444.94 780.25,450.38 780.25,450.38
             780.25,450.38 783.06,454.81 783.06,454.88
             783.06,454.94 788.00,460.88 788.00,460.88
             788.00,460.88 792.31,464.94 792.31,464.94
             792.31,464.94 798.81,469.94 798.81,469.94
             798.81,469.94 806.56,473.75 806.62,473.81
             806.69,473.88 816.94,477.31 816.94,477.31
             816.94,477.31 827.19,478.94 827.19,478.94
             827.19,478.94 839.31,480.75 839.38,480.75
             839.44,480.75 860.31,480.75 860.31,480.75
             860.31,480.75 872.25,479.62 872.31,479.62
             872.38,479.62 885.75,477.88 885.75,477.88
             885.75,477.88 901.81,475.62 901.81,475.62
             901.81,475.62 918.25,473.00 918.25,473.00
             918.25,473.00 934.69,470.38 934.69,470.38
             934.69,470.38 952.06,466.88 952.06,466.88
             952.06,466.88 981.50,461.69 981.56,461.69
             981.62,461.69 1018.12,454.75 1018.12,454.75
             1018.12,454.75 1051.62,447.12 1051.75,447.12
             1051.88,447.12 1091.12,438.62 1091.12,438.62
             1091.12,438.62 1141.38,426.25 1141.38,426.25
             1141.38,426.25 1195.45,413.00 1195.45,413.00
             1195.45,413.00 1236.27,402.27 1236.27,402.27
             1236.27,402.27 1258.82,396.36 1258.82,396.36
             1258.82,396.36 1264.55,395.45 1264.55,395.45
             1264.55,395.45 1267.64,395.36 1267.91,395.18
             1268.18,395.00 1271.64,396.55 1271.82,396.73
             1272.00,396.91 1283.18,397.45 1283.36,397.45
             1283.55,397.45 1290.18,398.45 1290.27,398.45
             1290.36,398.45 1306.00,398.64 1306.18,398.64
             1306.36,398.64 1313.09,399.09 1313.18,399.18
             1313.27,399.27 1320.09,400.45 1320.27,400.36
             1320.45,400.27 1326.91,402.64 1327.00,402.64
             1327.09,402.64 1331.00,405.00 1331.00,405.00
             1331.00,405.00 1335.00,405.91 1335.00,405.91
             1335.00,405.91 1325.09,411.45 1325.09,411.45
             1325.09,411.45 1310.73,417.55 1310.73,417.55
             1310.73,417.55 1296.55,423.09 1296.55,423.09
             1296.55,423.09 1281.91,428.55 1281.91,428.55
             1281.91,428.55 1260.45,435.73 1260.45,435.73
             1260.45,435.73 1223.55,447.45 1223.55,447.45
             1223.55,447.45 1203.09,454.09 1203.09,454.09
             1203.09,454.09 1177.73,461.91 1177.73,461.91
             1177.73,461.91 1165.09,465.73 1165.09,465.73
             1165.09,465.73 1148.00,470.64 1148.09,470.64
             1148.18,470.64 1131.73,476.27 1131.73,476.27
             1131.73,476.27 1119.91,479.82 1119.91,479.82
             1119.91,479.82 1108.73,483.18 1108.73,483.18
             1108.73,483.18 1096.91,486.82 1096.91,486.82
             1096.91,486.82 1087.18,490.00 1087.18,490.00
             1087.18,490.00 1064.82,497.00 1064.73,497.00
             1064.64,497.00 1048.09,501.45 1048.00,501.55
             1047.91,501.64 1012.09,511.45 1012.09,511.45
             1012.09,511.45 988.82,517.82 988.82,517.82
             988.82,517.82 959.18,526.18 959.18,526.18
             959.18,526.18 932.55,533.64 932.55,533.64
             932.55,533.64 906.91,540.64 906.91,540.64
             906.91,540.64 889.73,544.45 889.73,544.45
             889.73,544.45 846.09,554.09 846.09,554.09
             846.09,554.09 819.00,558.73 818.91,558.82
             818.82,558.91 803.09,561.36 803.09,561.36
             803.09,561.36 788.00,562.91 788.00,562.91
             788.00,562.91 761.00,563.64 761.00,563.64
             761.00,563.64 742.45,562.64 742.45,562.64
             742.45,562.64 726.18,559.45 726.18,559.45
             726.18,559.45 709.09,553.27 709.09,553.27
             709.09,553.27 698.00,546.82 698.00,546.82
             698.00,546.82 687.36,536.00 687.36,536.00
             687.36,536.00 680.82,526.91 680.82,526.91
             680.82,526.91 671.33,507.33 671.33,507.33
             671.33,507.33 666.67,495.33 666.67,495.33
             666.67,495.33 669.00,474.33 669.00,474.33
             669.00,474.33 683.00,446.33 683.00,446.33
             683.00,446.33 707.33,416.33 707.33,416.33
             707.33,416.33 736.67,393.00 736.67,393.00
             736.67,393.00 768.19,372.98 768.19,373.31" />
</svg>
