<?xml version="1.0" encoding="UTF-8" standalone="no"?>
<!DOCTYPE svg PUBLIC "-//W3C//DTD SVG 20010904//EN"
              "http://www.w3.org/TR/2001/REC-SVG-20010904/DTD/svg10.dtd">

<svg xmlns="http://www.w3.org/2000/svg"
     width="19.5833in" height="13.8889in"
     viewBox="0 0 1410 1000">
  <path id="Neimenovano"
        fill="none" stroke="black" stroke-width="1"
        d="M 776.00,372.00
           C 776.00,372.00 774.67,388.67 774.67,388.67
             774.67,388.67 774.00,408.00 774.00,408.00
             774.00,408.00 773.33,426.67 773.33,426.67
             773.33,426.67 777.33,438.67 777.33,438.67
             777.33,438.67 782.67,451.33 782.67,451.33
             782.67,451.33 791.33,462.00 791.33,462.00
             791.33,462.00 801.33,470.00 801.33,470.00
             801.33,470.00 812.67,475.33 812.67,475.33
             812.67,475.33 829.33,480.67 829.33,480.67
             829.33,480.67 849.33,480.67 849.33,480.67
             849.33,480.67 874.00,478.00 874.00,478.00
             874.00,478.00 904.67,474.00 904.67,474.00
             904.67,474.00 981.33,460.00 981.33,460.00
             981.33,460.00 1047.33,446.67 1047.33,446.67
             1047.33,446.67 1089.33,438.67 1089.33,438.67
             1089.33,438.67 1132.67,428.00 1132.67,428.00
             1132.67,428.00 1168.67,420.00 1168.00,420.00
             1167.33,420.00 1203.33,414.00 1203.33,414.00
             1203.33,414.00 1246.00,400.67 1246.00,400.67
             1246.00,400.67 1264.67,394.00 1264.67,394.00
             1264.67,394.00 1275.33,396.00 1275.33,396.00
             1275.33,396.00 1288.67,396.67 1288.67,396.67
             1288.67,396.67 1302.00,396.67 1302.00,396.67
             1302.00,396.67 1317.33,401.33 1317.33,401.33
             1317.33,401.33 1335.33,405.33 1335.33,405.33
             1335.33,405.33 1312.67,417.33 1312.67,417.33
             1312.67,417.33 1266.00,434.67 1266.00,434.00
             1266.00,433.33 1210.00,452.00 1210.00,452.00
             1210.00,452.00 1068.67,496.67 1068.67,497.33
             1068.67,498.00 954.67,528.00 954.67,528.00
             954.67,528.00 863.33,551.33 863.33,551.33
             863.33,551.33 816.67,561.33 816.67,561.33
             816.67,561.33 785.33,562.67 785.33,562.67
             785.33,562.67 756.00,564.00 756.00,564.00
             756.00,564.00 730.00,560.67 729.33,560.67
             728.67,560.67 710.67,554.67 710.67,554.67
             710.67,554.67 691.33,543.33 691.33,543.33
             691.33,543.33 676.67,524.00 676.67,524.00
             676.67,524.00 668.00,504.00 668.00,504.00
             668.00,504.00 668.00,486.67 668.00,486.67
             668.00,486.67 670.00,468.00 670.00,468.00
             670.00,468.00 680.67,446.67 680.67,446.67
             680.67,446.67 695.33,429.33 695.33,429.33
             695.33,429.33 710.00,414.00 710.00,414.00
             710.00,414.00 727.33,398.00 727.33,398.00
             727.33,398.00 746.67,382.67 746.67,382.67
             746.67,382.67 760.67,370.00 760.67,370.00
             760.67,370.00 772.67,362.00 772.67,362.00" />
</svg>
